15 0.150165 0.091603 0.298130 0.049618
16 0.149065 0.123092 0.295930 0.013359
17 0.147415 0.136450 0.292629 0.009542
18 0.477998 0.514313 0.113311 0.150763
19 0.121562 0.737595 0.058306 0.104962
20 0.239824 0.530534 0.057206 0.099237
21 0.045655 0.612595 0.089109 0.152672
22 0.045655 0.773855 0.089109 0.162214
23 0.046205 0.928435 0.090209 0.139313
24 0.325083 0.909351 0.460946 0.028626
25 0.924092 0.717557 0.063806 0.114504
26 0.926293 0.831107 0.066007 0.112595
27 0.925743 0.942748 0.064906 0.114504
28 0.629263 0.118321 0.066007 0.099237
29 0.690319 0.113550 0.060506 0.101145
30 0.749175 0.114504 0.061606 0.114504
31 0.811331 0.115458 0.058306 0.127863
32 0.870187 0.117366 0.061606 0.131679
33 0.928493 0.116412 0.061606 0.129771
34 0.500550 0.033397 0.998900 0.062977
34 0.978548 0.498092 0.038504 0.992366
35 0.599010 0.426527 0.058306 0.108779
35 0.600660 0.736641 0.059406 0.114504
35 0.599010 0.840649 0.060506 0.104962
35 0.538504 0.634542 0.058306 0.104962
20 0.719472 0.225191 0.052805 0.095420
20 0.720572 0.324427 0.055006 0.103053
20 0.720572 0.428435 0.055006 0.104962
20 0.777778 0.434160 0.057206 0.104962
20 0.777778 0.533397 0.061606 0.097328
20 0.837734 0.537214 0.058306 0.101145
20 0.837734 0.637405 0.069307 0.110687
20 0.300880 0.534351 0.058306 0.103053
20 0.297580 0.628817 0.064906 0.097328
20 0.237074 0.632634 0.056106 0.097328
36 0.421892 0.217557 0.058306 0.103053
36 0.480198 0.218511 0.058306 0.112595
36 0.480198 0.110687 0.060506 0.099237
