18 0.477448 0.514313 0.107811 0.154580
56 0.485699 0.405534 0.177118 0.150763
39 0.358636 0.326336 0.063806 0.087786
39 0.359186 0.422710 0.064906 0.104962
39 0.359186 0.529580 0.058306 0.101145
39 0.358636 0.631679 0.057206 0.114504
39 0.300330 0.634542 0.055006 0.108779
57 0.211221 0.586832 0.105611 0.200382
57 0.212871 0.372137 0.124312 0.202290
39 0.718372 0.528626 0.050605 0.110687
39 0.749175 0.363550 0.059406 0.085878
28 0.630913 0.114504 0.064906 0.106870
29 0.690319 0.118321 0.062706 0.122137
30 0.750275 0.117366 0.063806 0.120229
31 0.811331 0.119275 0.062706 0.124046
32 0.867987 0.115458 0.057206 0.112595
33 0.929593 0.124046 0.059406 0.114504
15 0.151815 0.091603 0.301430 0.041985
16 0.149065 0.097328 0.295930 0.061069
34 0.501100 0.032443 0.997800 0.061069
34 0.979098 0.500954 0.041804 0.998092
25 0.926843 0.713740 0.062706 0.114504
26 0.924642 0.829198 0.069307 0.127863
27 0.924642 0.945611 0.069307 0.108779
21 0.046205 0.608779 0.090209 0.156489
22 0.045655 0.762405 0.089109 0.146947
23 0.045105 0.916031 0.088009 0.160305
