107 0.006348 0.007080 0.011719 0.010254
107 0.018311 0.006836 0.011230 0.009766
108 0.030273 0.007080 0.009766 0.011230
108 0.042725 0.007324 0.011230 0.010742
109 0.055664 0.006592 0.010742 0.012207
109 0.066895 0.006104 0.009766 0.011230
110 0.079834 0.007080 0.011230 0.011230
110 0.092041 0.006836 0.011230 0.011719
111 0.104004 0.006592 0.012695 0.012207
112 0.115967 0.006592 0.011230 0.012207
113 0.129150 0.006592 0.013184 0.012207
114 0.008545 0.021240 0.016113 0.016113
115 0.024902 0.021240 0.014648 0.016113
115 0.041504 0.020752 0.016602 0.015137
115 0.091797 0.021240 0.017578 0.015137
115 0.074219 0.036621 0.016602 0.014648
115 0.090332 0.052979 0.016602 0.016113
115 0.024414 0.054199 0.015625 0.015625
115 0.024902 0.087402 0.017578 0.016602
116 0.040771 0.070312 0.016113 0.015625
117 0.056885 0.085449 0.014160 0.016602
117 0.057373 0.069580 0.015137 0.016113
118 0.057861 0.036865 0.016113 0.017090
118 0.025146 0.037598 0.017090 0.015625
118 0.091064 0.036377 0.016113 0.015137
118 0.124023 0.036377 0.016602 0.014160
118 0.157715 0.037354 0.017578 0.015137
118 0.190918 0.036377 0.015625 0.015137
118 0.057617 0.053223 0.015625 0.016602
119 0.008545 0.070801 0.016113 0.017578
119 0.008057 0.037598 0.015137 0.016602
119 0.041992 0.037842 0.015625 0.018066
119 0.107666 0.036865 0.016113 0.017090
119 0.140625 0.037354 0.016602 0.018066
119 0.174805 0.038086 0.016602 0.017578
119 0.207031 0.037354 0.016602 0.018066
115 0.157227 0.020996 0.016602 0.016602
115 0.174316 0.020508 0.017578 0.016602
115 0.190918 0.020508 0.017578 0.016602
120 0.107910 0.020752 0.016602 0.016113
120 0.124512 0.020996 0.017578 0.016602
114 0.041504 0.054199 0.016602 0.015625
114 0.073730 0.052979 0.017578 0.016113
120 0.107666 0.052979 0.018066 0.016113
120 0.156494 0.052490 0.017090 0.015137
120 0.173340 0.052734 0.016602 0.016602
121 0.124023 0.052734 0.015625 0.016602
122 0.140137 0.052490 0.016602 0.017090
123 0.104980 0.069092 0.015625 0.015137
123 0.121582 0.068848 0.016602 0.015625
123 0.155029 0.068359 0.016113 0.014648
123 0.170898 0.068604 0.014648 0.014160
123 0.187500 0.069092 0.015625 0.015137
123 0.103516 0.099365 0.015625 0.015137
123 0.103760 0.115234 0.015137 0.014648
124 0.072510 0.101807 0.013184 0.016113
124 0.072998 0.117920 0.015137 0.015137
121 0.087158 0.100830 0.016113 0.016113
114 0.088623 0.069580 0.018066 0.016113
114 0.088135 0.084717 0.015137 0.015137
125 0.134277 0.083252 0.015625 0.014160
125 0.150146 0.083496 0.016113 0.014648
125 0.166260 0.083008 0.015137 0.014648
120 0.104248 0.084229 0.015137 0.015137
120 0.072754 0.085938 0.015625 0.015625
126 0.119385 0.084473 0.015137 0.014648
126 0.119629 0.099365 0.014648 0.017090
126 0.119385 0.115234 0.015137 0.016602
127 0.134033 0.099121 0.014160 0.018555
127 0.133301 0.149170 0.013672 0.018066
127 0.119385 0.165283 0.014160 0.016113
127 0.133301 0.166992 0.013672 0.017578
121 0.134033 0.132812 0.015137 0.017578
127 0.088135 0.135010 0.014160 0.017090
122 0.040771 0.136230 0.017090 0.017578
122 0.041016 0.119873 0.019531 0.017090
127 0.133789 0.098633 0.014648 0.016602
114 0.056885 0.152832 0.016113 0.016602
114 0.057129 0.168945 0.015625 0.017578
114 0.024902 0.203613 0.017578 0.014648
114 0.008301 0.120850 0.015625 0.016113
117 0.008057 0.103760 0.015137 0.016113
117 0.024414 0.103516 0.015625 0.016602
124 0.118896 0.131592 0.015137 0.015137
124 0.119141 0.181885 0.014648 0.016113
124 0.119141 0.197998 0.014648 0.015137
124 0.118652 0.215088 0.013672 0.017090
124 0.073242 0.199219 0.015625 0.014648
124 0.072510 0.230957 0.014160 0.016602
117 0.041260 0.153320 0.016113 0.017578
117 0.041260 0.170166 0.016113 0.017090
117 0.057373 0.185791 0.016113 0.016113
117 0.042236 0.186523 0.013184 0.014648
117 0.041748 0.203613 0.016113 0.018555
117 0.041504 0.218750 0.014648 0.016602
128 0.154785 0.006348 0.012695 0.011719
128 0.179443 0.006348 0.011230 0.011719
129 0.167480 0.006836 0.012695 0.012695
129 0.205811 0.006836 0.013184 0.012695
114 0.074463 0.021240 0.018066 0.016113
126 0.073730 0.278564 0.015625 0.017090
130 0.056641 0.267822 0.016602 0.017090
130 0.057129 0.302002 0.014648 0.017090
130 0.119141 0.278809 0.015625 0.018555
130 0.134033 0.262207 0.013184 0.018555
130 0.134277 0.279541 0.013672 0.018066
130 0.134277 0.246338 0.013672 0.018066
130 0.133789 0.230713 0.014648 0.018066
131 0.145264 0.245361 0.013184 0.018066
131 0.145752 0.262207 0.011230 0.016602
131 0.145996 0.278320 0.012695 0.016602
131 0.145752 0.293701 0.012207 0.015137
131 0.145752 0.309814 0.012207 0.017090
131 0.134521 0.311523 0.011230 0.015625
131 0.133789 0.327881 0.012695 0.017090
131 0.134033 0.344971 0.012207 0.017090
131 0.146484 0.178223 0.011719 0.018555
131 0.147461 0.146729 0.013672 0.015137
131 0.145264 0.195557 0.013184 0.018066
131 0.134766 0.115723 0.015625 0.017578
131 0.133789 0.198975 0.011719 0.016113
131 0.134277 0.214600 0.011719 0.015137
124 0.219727 0.007080 0.013672 0.012207
124 0.231201 0.006592 0.012207 0.012207
124 0.185303 0.316895 0.012207 0.011719
124 0.185303 0.328613 0.012207 0.010742
124 0.185547 0.340576 0.014648 0.013184
124 0.185791 0.352539 0.013184 0.013672
124 0.185303 0.365479 0.016113 0.012207
124 0.186523 0.377930 0.011719 0.010742
132 0.173584 0.249268 0.011230 0.012207
132 0.173096 0.261719 0.013184 0.012695
132 0.173828 0.274414 0.012695 0.011719
132 0.173096 0.286377 0.012207 0.012207
132 0.173340 0.299072 0.010742 0.013184
132 0.172607 0.324951 0.011230 0.014160
132 0.173828 0.337891 0.009766 0.011719
132 0.173096 0.350586 0.011230 0.014648
133 0.174072 0.173096 0.011230 0.012207
133 0.173584 0.185303 0.011230 0.011230
133 0.173340 0.197510 0.012695 0.013184
133 0.173828 0.210938 0.011719 0.012695
133 0.173340 0.223633 0.012695 0.012695
133 0.173096 0.236328 0.012207 0.012695
133 0.173828 0.160889 0.011719 0.014160
133 0.173584 0.147217 0.013184 0.013184
134 0.173340 0.121826 0.011719 0.011230
134 0.173828 0.134277 0.012695 0.012695
26 0.145508 0.324219 0.010742 0.012695
26 0.145264 0.336914 0.010254 0.012695
26 0.145264 0.350342 0.011230 0.012207
26 0.145508 0.362793 0.010742 0.012695
26 0.145996 0.375244 0.009766 0.013184
135 0.160400 0.348145 0.012207 0.012695
135 0.161377 0.361572 0.013184 0.012207
135 0.209717 0.341064 0.012207 0.011230
134 0.414795 0.096191 0.013184 0.011719
134 0.441162 0.096924 0.012207 0.011230
134 0.465820 0.096436 0.011719 0.013184
134 0.477783 0.096191 0.014160 0.012695
136 0.185303 0.108398 0.012207 0.010742
136 0.197998 0.109375 0.014160 0.012695
136 0.389160 0.131836 0.011719 0.010742
136 0.401367 0.132080 0.011719 0.011230
136 0.347412 0.144043 0.010254 0.010742
129 0.161133 0.147705 0.012695 0.013184
129 0.160645 0.160400 0.012695 0.012207
129 0.160400 0.172607 0.013184 0.013184
129 0.160400 0.185303 0.015137 0.012207
129 0.159424 0.197021 0.014160 0.012207
129 0.159912 0.209473 0.016113 0.011719
129 0.160156 0.222168 0.013672 0.011719
37 0.160889 0.234619 0.015137 0.013184
37 0.160156 0.247559 0.013672 0.012695
37 0.186035 0.121826 0.011719 0.012207
37 0.185059 0.133789 0.011719 0.010742
136 0.209717 0.133057 0.013184 0.013184
134 0.282715 0.132812 0.011719 0.011719
134 0.261719 0.120361 0.012695 0.012207
134 0.377686 0.131836 0.012207 0.012695
37 0.306885 0.132812 0.012207 0.011719
37 0.294434 0.132324 0.010742 0.012695
37 0.323975 0.121338 0.011230 0.010254
62 0.428223 0.096436 0.013672 0.013184
137 0.211426 0.109375 0.011719 0.013672
137 0.224121 0.109375 0.012695 0.012695
137 0.249268 0.108643 0.013184 0.012207
137 0.261963 0.109131 0.012207 0.012207
137 0.312012 0.108398 0.011719 0.012695
137 0.422607 0.109375 0.013184 0.012695
137 0.162109 0.096924 0.014648 0.012207
137 0.160889 0.110107 0.015137 0.012207
138 0.160400 0.309814 0.014160 0.013184
138 0.160645 0.297119 0.014648 0.012207
138 0.161377 0.284424 0.013184 0.013184
138 0.160645 0.271484 0.013672 0.012695
138 0.160645 0.259277 0.012695 0.012695
138 0.186523 0.304199 0.010742 0.012695
138 0.185791 0.267822 0.012207 0.012207
138 0.186523 0.243164 0.011719 0.014648
138 0.186523 0.219238 0.011719 0.011719
138 0.186279 0.194580 0.011230 0.012207
138 0.221924 0.183594 0.011230 0.012695
138 0.186768 0.182373 0.013184 0.012207
138 0.186523 0.158691 0.010742 0.012695
138 0.187012 0.146484 0.012695 0.012695
138 0.220947 0.233887 0.011230 0.013672
134 0.197998 0.260498 0.011230 0.012207
134 0.187012 0.256836 0.011719 0.011719
134 0.198242 0.272705 0.011719 0.012207
134 0.186035 0.280029 0.010742 0.011230
138 0.197998 0.285889 0.011230 0.014160
138 0.197754 0.298340 0.012695 0.013672
138 0.197998 0.311035 0.012207 0.012695
138 0.197754 0.323975 0.013672 0.013184
138 0.231934 0.336914 0.012695 0.013672
138 0.221191 0.360840 0.010742 0.012695
138 0.297607 0.382080 0.011230 0.012207
116 0.104004 0.274414 0.013672 0.014648
116 0.119873 0.262451 0.015137 0.018066
116 0.087646 0.250488 0.014160 0.016602
116 0.103027 0.209961 0.014648 0.017578
116 0.119873 0.231445 0.016113 0.015625
116 0.088135 0.299805 0.014160 0.016602
116 0.103760 0.355225 0.015137 0.015137
116 0.087646 0.364990 0.016113 0.014160
116 0.103027 0.372314 0.015625 0.018066
116 0.088135 0.382080 0.017090 0.015137
116 0.041504 0.385498 0.016602 0.015137
116 0.041748 0.401367 0.015137 0.014648
116 0.041748 0.417969 0.018066 0.017578
116 0.041260 0.434326 0.015137 0.016113
116 0.024902 0.436279 0.017578 0.016113
116 0.024658 0.419678 0.016113 0.016113
139 0.070312 0.501709 0.012695 0.010254
139 0.102051 0.501465 0.012695 0.008789
139 0.118408 0.502686 0.013184 0.008301
140 0.173340 0.454102 0.010742 0.012695
140 0.173340 0.466553 0.009766 0.012207
140 0.174072 0.479492 0.010254 0.013672
140 0.221191 0.500000 0.012695 0.013672
140 0.297852 0.479492 0.011719 0.013672
140 0.220947 0.373535 0.011230 0.012695
140 0.277832 0.373291 0.010742 0.015137
140 0.298096 0.357178 0.008301 0.012207
141 0.277832 0.297607 0.009766 0.010254
141 0.276855 0.309326 0.009766 0.013184
141 0.278320 0.322510 0.007812 0.012207
141 0.278320 0.284912 0.009766 0.014160
141 0.278076 0.271973 0.010254 0.013672
141 0.277344 0.247803 0.008789 0.013184
141 0.233398 0.247314 0.008789 0.014160
142 0.244385 0.287354 0.008301 0.012207
142 0.267578 0.284912 0.010742 0.013184
142 0.267334 0.297607 0.009277 0.012207
142 0.267090 0.310303 0.011719 0.014160
142 0.209717 0.243652 0.010254 0.010742
142 0.244141 0.226562 0.008789 0.011719
143 0.298340 0.238281 0.008789 0.010742
143 0.298340 0.249268 0.008789 0.011230
143 0.298340 0.261963 0.008789 0.012207
143 0.320312 0.261963 0.006836 0.013184
143 0.320557 0.238281 0.006348 0.011719
143 0.299072 0.202637 0.009277 0.011719
143 0.319336 0.203369 0.009766 0.012207
144 0.255127 0.218018 0.011230 0.011230
144 0.308838 0.205811 0.009277 0.012207
144 0.308838 0.193604 0.009277 0.011230
145 0.232422 0.273438 0.009766 0.012695
145 0.232666 0.260010 0.012207 0.013184
145 0.338379 0.259766 0.009766 0.013672
145 0.337646 0.272949 0.009277 0.013672
55 0.220947 0.270996 0.010254 0.013672
55 0.256104 0.292725 0.010254 0.012207
55 0.255859 0.317871 0.009766 0.012695
55 0.287842 0.247559 0.009277 0.012695
145 0.287598 0.209717 0.010742 0.014160
55 0.337646 0.299561 0.008301 0.012207
55 0.338379 0.184814 0.007812 0.010254
56 0.232666 0.298584 0.011230 0.014160
56 0.288086 0.285156 0.007812 0.012695
144 0.209229 0.255371 0.010254 0.013672
140 0.209229 0.218506 0.010254 0.011230
140 0.209961 0.230713 0.010742 0.012207
56 0.232422 0.196045 0.010742 0.013184
56 0.198242 0.185059 0.011719 0.012695
56 0.197998 0.172119 0.011230 0.013184
134 0.210205 0.170166 0.012207 0.011230
143 0.265869 0.180664 0.011230 0.011719
143 0.243652 0.180420 0.010742 0.011230
143 0.244385 0.168213 0.010254 0.011230
143 0.244385 0.203613 0.010254 0.009766
143 0.243896 0.215576 0.010254 0.014160
143 0.267578 0.273438 0.012695 0.012695
143 0.319336 0.191406 0.010742 0.011719
140 0.243896 0.275635 0.010254 0.011230
140 0.267334 0.238525 0.009277 0.011230
140 0.266846 0.202637 0.011230 0.012695
140 0.267334 0.168945 0.010254 0.012695
135 0.222412 0.170166 0.013184 0.012207
135 0.244873 0.250977 0.012207 0.012695
135 0.255615 0.242676 0.010254 0.012695
135 0.255615 0.231445 0.011230 0.011719
128 0.266846 0.227051 0.011230 0.010742
128 0.267334 0.215088 0.011230 0.011230
128 0.220947 0.297607 0.010254 0.013184
128 0.221191 0.284668 0.010742 0.012695
135 0.220703 0.309814 0.011719 0.014160
135 0.221191 0.322510 0.011719 0.013184
135 0.232178 0.323242 0.011230 0.012695
135 0.232422 0.311279 0.010742 0.012207
112 0.198242 0.209229 0.011719 0.013184
134 0.185791 0.206787 0.013184 0.013184
55 0.197998 0.247803 0.012207 0.017090
55 0.198242 0.222168 0.013672 0.013672
55 0.220947 0.220215 0.013184 0.014648
40 0.298340 0.285400 0.011719 0.013184
146 0.318359 0.297852 0.008789 0.010742
146 0.318848 0.285156 0.008789 0.012695
146 0.319336 0.250244 0.010742 0.011230
146 0.319336 0.227051 0.008789 0.012695
146 0.209961 0.327881 0.009766 0.011230
146 0.298096 0.393799 0.009277 0.013184
144 0.255615 0.381592 0.009277 0.014160
144 0.244141 0.373535 0.011719 0.010742
144 0.244385 0.361084 0.010254 0.012207
144 0.255127 0.369629 0.010254 0.012695
144 0.209961 0.414307 0.009766 0.012207
144 0.210449 0.389404 0.010742 0.013184
112 0.186035 0.414062 0.012695 0.013672
112 0.161133 0.425293 0.012695 0.012695
112 0.160156 0.410645 0.012695 0.012695
112 0.162109 0.399414 0.012695 0.011719
145 0.198242 0.387695 0.009766 0.012695
145 0.197998 0.374512 0.010254 0.014648
147 0.198242 0.362061 0.009766 0.012207
147 0.278076 0.462891 0.009277 0.011719
147 0.277588 0.487305 0.009277 0.012695
147 0.277344 0.500732 0.009766 0.011230
148 0.286133 0.500977 0.011719 0.011719
148 0.318848 0.157715 0.009766 0.010742
148 0.318848 0.168701 0.010742 0.009277
148 0.318848 0.180420 0.013672 0.010254
148 0.319336 0.215332 0.009766 0.008789
148 0.358643 0.189697 0.008301 0.010254
148 0.357422 0.200439 0.009766 0.011230
148 0.358398 0.213867 0.009766 0.011719
148 0.367676 0.214355 0.008789 0.011719
148 0.358154 0.225098 0.009277 0.010742
148 0.367432 0.226318 0.008301 0.010254
148 0.367432 0.237305 0.009277 0.011719
148 0.378174 0.260254 0.009277 0.010742
148 0.378418 0.270264 0.007812 0.010254
148 0.378174 0.282715 0.008301 0.009766
148 0.377686 0.294189 0.009277 0.010254
149 0.367188 0.249268 0.009766 0.011230
149 0.367676 0.260986 0.009766 0.011230
149 0.367188 0.272705 0.008789 0.010254
149 0.367676 0.283447 0.012695 0.011230
149 0.367920 0.296143 0.013184 0.013184
149 0.367432 0.307129 0.012207 0.012695
149 0.366943 0.319092 0.012207 0.011230
149 0.367676 0.342773 0.010742 0.009766
149 0.367920 0.354736 0.009277 0.010254
149 0.378174 0.351562 0.007324 0.010742
149 0.368408 0.366211 0.009277 0.008789
149 0.368408 0.378418 0.009277 0.013672
149 0.368652 0.389404 0.008789 0.014160
149 0.369141 0.401367 0.009766 0.013672
150 0.298096 0.345947 0.011230 0.012207
150 0.287842 0.322998 0.009277 0.010254
150 0.297607 0.321289 0.010254 0.013672
133 0.278564 0.359131 0.009277 0.014160
133 0.267578 0.358887 0.009766 0.012695
133 0.255859 0.357178 0.009766 0.011230
133 0.266357 0.321777 0.010254 0.013672
133 0.266846 0.333984 0.011230 0.013672
150 0.267578 0.346924 0.010742 0.012207
150 0.277832 0.398438 0.009766 0.013672
150 0.277832 0.386963 0.010742 0.013184
150 0.287354 0.385010 0.009277 0.014160
144 0.256592 0.406006 0.009277 0.013184
144 0.244385 0.398438 0.012207 0.012695
144 0.255127 0.430420 0.009277 0.014160
144 0.265625 0.432617 0.009766 0.011719
144 0.255859 0.443115 0.009766 0.012207
144 0.244141 0.447266 0.012695 0.012695
144 0.243164 0.459473 0.010742 0.013672
40 0.245850 0.410400 0.013184 0.014160
40 0.255859 0.417725 0.009766 0.011230
55 0.287842 0.412109 0.009277 0.013672
145 0.288086 0.437744 0.009766 0.015137
145 0.286865 0.452148 0.010254 0.013672
129 0.347656 0.283203 0.008789 0.014648
129 0.347900 0.271240 0.009277 0.011230
129 0.346924 0.258545 0.010254 0.013184
129 0.347168 0.332031 0.007812 0.012695
129 0.328857 0.322998 0.008301 0.011230
132 0.318604 0.322266 0.009277 0.011719
56 0.327637 0.360596 0.008789 0.013184
56 0.337402 0.336670 0.007812 0.012207
146 0.299072 0.418701 0.010254 0.013184
146 0.297607 0.431641 0.013184 0.013672
132 0.277344 0.449951 0.010742 0.016113
132 0.277100 0.475098 0.013184 0.012695
132 0.255615 0.466797 0.012207 0.011719
132 0.266846 0.456543 0.009277 0.012695
142 0.255371 0.479004 0.010742 0.011719
142 0.243652 0.495850 0.009766 0.012207
142 0.254883 0.491211 0.007812 0.010742
142 0.243896 0.482910 0.007324 0.011719
142 0.243164 0.471680 0.010742 0.011719
138 0.231934 0.476074 0.010742 0.011719
138 0.232422 0.488037 0.010742 0.012207
138 0.243896 0.434082 0.012207 0.012695
138 0.231934 0.425293 0.011719 0.012695
138 0.298340 0.442871 0.010742 0.013672
135 0.220215 0.411377 0.009766 0.012207
136 0.220703 0.397461 0.009766 0.012695
137 0.197998 0.450439 0.011230 0.012207
137 0.198486 0.437500 0.010254 0.012695
137 0.197754 0.425537 0.010742 0.012207
137 0.197754 0.413330 0.011719 0.013184
137 0.197510 0.399902 0.012207 0.012695
137 0.209717 0.487549 0.011230 0.013184
112 0.209717 0.474609 0.013184 0.013672
145 0.198242 0.476562 0.009766 0.010742
151 0.185059 0.500977 0.010742 0.010742
134 0.197021 0.500977 0.012207 0.011719
150 0.267090 0.396729 0.010742 0.015137
150 0.266357 0.382812 0.010254 0.011719
141 0.297119 0.369629 0.011230 0.012695
149 0.368408 0.424072 0.009277 0.011230
138 0.254395 0.205078 0.011719 0.014648
138 0.232666 0.144775 0.011230 0.012207
142 0.208984 0.145752 0.010742 0.011230
142 0.209229 0.157959 0.011230 0.011230
152 0.348389 0.154297 0.011230 0.010742
152 0.358643 0.153564 0.010254 0.011230
152 0.348633 0.165039 0.009766 0.010742
152 0.348389 0.176025 0.012207 0.012207
152 0.347900 0.199219 0.010254 0.011719
152 0.347656 0.211914 0.011719 0.013672
152 0.378662 0.193115 0.008301 0.011230
152 0.378662 0.203125 0.009277 0.010742
139 0.383545 0.143066 0.011230 0.009766
139 0.413086 0.132324 0.011719 0.009766
139 0.425537 0.131592 0.010254 0.010254
139 0.436768 0.131348 0.011230 0.009766
139 0.406738 0.152100 0.010742 0.006348
139 0.418945 0.151855 0.010742 0.008789
139 0.432129 0.143066 0.011719 0.008789
139 0.401367 0.170410 0.010742 0.007812
139 0.412109 0.170898 0.010742 0.009766
139 0.435303 0.170654 0.010254 0.007324
139 0.369141 0.152588 0.010742 0.009277
139 0.447266 0.169922 0.011719 0.009766
139 0.458252 0.161133 0.014160 0.008789
139 0.470703 0.160889 0.011719 0.008301
139 0.455811 0.152344 0.012207 0.006836
139 0.465820 0.152344 0.010742 0.007812
139 0.456299 0.142578 0.010254 0.009766
139 0.449707 0.131592 0.012695 0.008301
139 0.478271 0.142822 0.013184 0.010254
151 0.458984 0.169922 0.013672 0.009766
151 0.471191 0.170166 0.011719 0.009277
151 0.457031 0.196289 0.008789 0.009766
151 0.495117 0.131836 0.010742 0.011719
58 0.333008 0.083008 0.010742 0.011719
153 0.407959 0.197266 0.010254 0.009766
153 0.437500 0.196533 0.009766 0.009277
153 0.397461 0.206055 0.008789 0.007812
153 0.426025 0.206299 0.008301 0.008301
153 0.451172 0.484863 0.004883 0.009766
153 0.458740 0.457520 0.005371 0.009766
153 0.451904 0.456055 0.007324 0.009766
153 0.445312 0.479492 0.004883 0.008789
153 0.445557 0.470459 0.005371 0.008301
153 0.451172 0.475586 0.003906 0.011719
153 0.451172 0.466309 0.004883 0.009766
153 0.445068 0.462158 0.005371 0.009277
153 0.445312 0.453857 0.004883 0.009277
153 0.451416 0.494385 0.006348 0.008301
125 0.281738 0.068604 0.016602 0.016113
125 0.298096 0.068359 0.017090 0.016602
125 0.313721 0.068359 0.018066 0.016602
125 0.331299 0.068115 0.016113 0.017090
125 0.347168 0.067383 0.016602 0.019531
125 0.363037 0.067627 0.018066 0.018066
125 0.379883 0.067871 0.016602 0.016602
125 0.397705 0.068848 0.018066 0.017578
125 0.413330 0.067627 0.019043 0.015137
125 0.431152 0.068604 0.017578 0.018066
125 0.447998 0.067627 0.017090 0.018066
125 0.464600 0.068604 0.016113 0.016113
125 0.480469 0.067627 0.015625 0.014160
145 0.494629 0.067871 0.009766 0.013672
126 0.238281 0.052979 0.017578 0.014160
126 0.235596 0.069092 0.015137 0.015137
126 0.250488 0.068848 0.014648 0.012695
126 0.265869 0.068115 0.015137 0.015137
126 0.254639 0.052734 0.016113 0.017578
126 0.271973 0.052490 0.016602 0.019043
126 0.303223 0.052734 0.015625 0.016602
126 0.319092 0.052002 0.018066 0.018066
126 0.334717 0.052734 0.017090 0.018555
126 0.351318 0.052002 0.017090 0.018066
126 0.416992 0.052490 0.015625 0.017090
126 0.432861 0.052246 0.015137 0.018555
126 0.448730 0.052246 0.015625 0.017578
126 0.465332 0.052734 0.018555 0.019531
119 0.288086 0.036865 0.019531 0.019043
119 0.323730 0.036621 0.017578 0.016602
119 0.372803 0.037598 0.019043 0.014648
119 0.406494 0.036621 0.019043 0.017578
119 0.455322 0.034424 0.019043 0.017090
119 0.472656 0.036377 0.017578 0.018066
154 0.257080 0.036377 0.017090 0.014160
154 0.222656 0.052490 0.014648 0.014160
154 0.008789 0.285889 0.016602 0.017090
131 0.133545 0.474365 0.012207 0.016113
131 0.133057 0.427002 0.013184 0.014160
131 0.133545 0.409424 0.013184 0.016113
131 0.132568 0.394531 0.014160 0.016602
127 0.088623 0.397949 0.013184 0.015625
127 0.103760 0.389160 0.014160 0.015625
127 0.118408 0.392334 0.013184 0.016113
127 0.088379 0.414307 0.015625 0.016113
127 0.087646 0.447998 0.013184 0.017090
130 0.103760 0.471191 0.014160 0.015625
130 0.119141 0.440430 0.013672 0.016602
130 0.118164 0.423584 0.012695 0.016113
130 0.118652 0.408203 0.013672 0.016602
130 0.103027 0.439209 0.015625 0.017090
121 0.104492 0.422363 0.015625 0.015625
121 0.103516 0.405762 0.013672 0.017578
121 0.118164 0.488770 0.012695 0.016602
121 0.132812 0.490967 0.012695 0.017090
121 0.118896 0.456299 0.013184 0.016113
120 0.104004 0.488770 0.015625 0.016602
114 0.237793 0.096924 0.012695 0.011230
114 0.250000 0.096191 0.014648 0.011719
114 0.263672 0.097412 0.011719 0.012207
114 0.195312 0.083008 0.012695 0.011719
114 0.205811 0.082275 0.012207 0.013184
156 0.439209 0.272705 0.007324 0.007324
156 0.438721 0.280762 0.007324 0.008789
157 0.438965 0.288574 0.006836 0.009766
158 0.439209 0.297363 0.007324 0.007812
156 0.439209 0.305420 0.007324 0.008301
106 0.438721 0.313721 0.007324 0.008301
158 0.439209 0.322021 0.007324 0.008301
106 0.438965 0.330322 0.007812 0.008301
106 0.438965 0.338623 0.006836 0.008301
158 0.439209 0.347168 0.008301 0.007812
22 0.438965 0.354736 0.007812 0.008301
158 0.438721 0.380371 0.007324 0.007812
22 0.438965 0.388184 0.007812 0.007812
22 0.438965 0.396484 0.007812 0.007812
159 0.388428 0.399414 0.009277 0.008789
153 0.387939 0.390137 0.009277 0.007812
153 0.388428 0.381348 0.010254 0.009766
159 0.387695 0.371582 0.009766 0.008789
159 0.387451 0.343506 0.011230 0.009277
159 0.388428 0.334473 0.009277 0.007812
17 0.258301 0.864258 0.009766 0.010742
17 0.269531 0.864502 0.010742 0.012207
28 0.342285 0.880127 0.016602 0.012207
28 0.324707 0.881592 0.014648 0.010254
28 0.309814 0.884033 0.011230 0.011230
17 0.329102 0.864502 0.009766 0.010254
17 0.340820 0.864990 0.012695 0.011230
