39 0.479648 0.324427 0.059406 0.106870
18 0.479648 0.514313 0.116612 0.150763
56 0.541804 0.622137 0.163916 0.156489
58 0.838834 0.616412 0.148515 0.148855
58 0.163916 0.616412 0.160616 0.164122
56 0.123212 0.406489 0.167217 0.156489
20 0.719472 0.408397 0.057206 0.099237
20 0.718372 0.316794 0.059406 0.091603
20 0.296480 0.223282 0.062706 0.087786
58 0.513201 0.970420 0.157316 0.059160
21 0.045655 0.614504 0.089109 0.156489
22 0.047305 0.769084 0.088009 0.148855
23 0.044554 0.920802 0.086909 0.150763
34 0.500550 0.032443 0.998900 0.061069
34 0.977448 0.498092 0.040704 0.992366
28 0.629813 0.118321 0.060506 0.114504
29 0.689219 0.115458 0.062706 0.104962
30 0.749175 0.124046 0.059406 0.125954
31 0.809681 0.124046 0.061606 0.133588
32 0.867987 0.116412 0.061606 0.114504
33 0.926843 0.117366 0.060506 0.124046
25 0.926293 0.716603 0.059406 0.116412
26 0.925743 0.828244 0.067107 0.118321
26 0.926293 0.939885 0.066007 0.120229
