35 0.538504 0.417939 0.056106 0.110687
56 0.482398 0.400763 0.161716 0.145038
56 0.543454 0.500000 0.169417 0.171756
18 0.481298 0.515267 0.108911 0.152672
58 0.239824 0.513359 0.147415 0.152672
58 0.863586 0.615458 0.167217 0.146947
15 0.149065 0.089695 0.295930 0.057252
16 0.150165 0.123092 0.298130 0.017176
59 0.045105 0.452290 0.088009 0.148855
21 0.044004 0.604962 0.085809 0.152672
22 0.044004 0.755725 0.085809 0.152672
23 0.044554 0.916031 0.086909 0.164122
39 0.839934 0.220420 0.058306 0.104962
60 0.824532 0.965649 0.148515 0.068702
