56 0.481848 0.655534 0.171617 0.131679
56 0.480748 0.784351 0.176018 0.141221
56 0.482398 0.400763 0.166117 0.133588
18 0.480198 0.515267 0.113311 0.148855
58 0.257426 0.514313 0.154015 0.154580
56 0.040704 0.301527 0.079208 0.145038
59 0.042904 0.449427 0.083608 0.154580
21 0.045655 0.603053 0.089109 0.148855
22 0.046205 0.759542 0.090209 0.160305
23 0.045655 0.915076 0.089109 0.150763
39 0.660066 0.838740 0.068207 0.112595
26 0.925193 0.826336 0.063806 0.110687
27 0.929043 0.943702 0.067107 0.112595
25 0.926843 0.717557 0.067107 0.114504
29 0.687569 0.117366 0.063806 0.085878
28 0.629263 0.120229 0.061606 0.106870
30 0.748625 0.120229 0.062706 0.106870
31 0.807481 0.118321 0.063806 0.118321
32 0.869637 0.124046 0.058306 0.110687
33 0.926293 0.121183 0.057206 0.108779
15 0.149065 0.090649 0.295930 0.043893
16 0.149065 0.123092 0.295930 0.013359
