18 0.482948 0.515267 0.125413 0.156489
56 0.364686 0.410305 0.170517 0.156489
58 0.655116 0.407443 0.163916 0.146947
56 0.621012 0.616412 0.166117 0.152672
56 0.833883 0.720420 0.156216 0.143130
56 0.239274 0.816794 0.170517 0.156489
25 0.924642 0.719466 0.062706 0.110687
26 0.926293 0.831107 0.061606 0.112595
27 0.923542 0.942748 0.060506 0.110687
59 0.046205 0.453244 0.088009 0.150763
21 0.045655 0.611641 0.086909 0.154580
22 0.046205 0.768130 0.085809 0.154580
23 0.046755 0.922710 0.089109 0.150763
39 0.836634 0.425573 0.062706 0.125954
30 0.749175 0.117366 0.066007 0.108779
15 0.150165 0.088740 0.298130 0.043893
