16 0.150165 0.122137 0.298130 0.019084
59 0.045105 0.452290 0.088009 0.152672
21 0.044554 0.608779 0.086909 0.152672
22 0.044004 0.758588 0.085809 0.146947
23 0.046205 0.912214 0.090209 0.160305
18 0.480748 0.516221 0.125413 0.169847
19 0.665567 0.534351 0.063806 0.110687
62 0.670517 0.407443 0.108911 0.166031
62 0.484598 0.587786 0.106711 0.160305
58 0.145215 0.614504 0.116612 0.141221
25 0.926843 0.717557 0.062706 0.114504
26 0.924642 0.832061 0.064906 0.122137
27 0.922992 0.938931 0.063806 0.106870
60 0.820132 0.963740 0.146315 0.072519
