37 0.417492 0.202290 0.139714 0.171756
37 0.482398 0.188931 0.146315 0.179389
38 0.481848 0.622137 0.156216 0.160305
37 0.066007 0.486641 0.129813 0.095420
20 0.178768 0.219466 0.058306 0.095420
20 0.237624 0.221374 0.061606 0.099237
18 0.482398 0.513359 0.126513 0.156489
21 0.047855 0.610687 0.091309 0.160305
22 0.046205 0.769084 0.090209 0.152672
23 0.046205 0.923664 0.090209 0.152672
25 0.925193 0.717557 0.063806 0.114504
26 0.925743 0.831107 0.067107 0.108779
27 0.924642 0.940840 0.069307 0.114504
34 0.979098 0.500000 0.039604 0.996183
34 0.501100 0.034351 0.997800 0.064885
28 0.629813 0.120229 0.062706 0.099237
29 0.689769 0.117366 0.066007 0.112595
30 0.749725 0.123092 0.060506 0.112595
31 0.811881 0.123092 0.061606 0.120229
32 0.870187 0.125000 0.059406 0.120229
33 0.929043 0.128817 0.064906 0.112595
39 0.015402 0.223282 0.028603 0.114504
36 0.787129 0.543893 0.064906 0.114504
15 0.149065 0.091603 0.295930 0.045802
16 0.148515 0.121183 0.294829 0.017176
24 0.428493 0.892176 0.674367 0.062977
