29 0.658966 0.417939 0.048405 0.087786
29 0.780528 0.416031 0.060506 0.095420
29 0.717822 0.520038 0.053905 0.082061
29 0.600660 0.522901 0.050605 0.076336
29 0.599010 0.630725 0.051705 0.082061
29 0.657866 0.834924 0.046205 0.089695
29 0.773377 0.837786 0.059406 0.091603
29 0.719472 0.939885 0.055006 0.070611
29 0.778328 0.625954 0.042904 0.080153
29 0.839384 0.625954 0.050605 0.103053
26 0.302530 0.545802 0.096810 0.152672
31 0.718372 0.617366 0.099010 0.154580
20 0.479648 0.509542 0.116612 0.156489
