37 0.478548 0.203244 0.154015 0.154580
38 0.539604 0.502863 0.166117 0.181298
18 0.486249 0.512405 0.134213 0.150763
38 0.482398 0.620229 0.155116 0.152672
37 0.301980 0.618321 0.150715 0.160305
37 0.843234 0.722328 0.155116 0.154580
37 0.479098 0.117366 0.067107 0.116412
37 0.536304 0.123092 0.069307 0.124046
37 0.037404 0.309160 0.072607 0.167939
39 0.300330 0.432252 0.072607 0.135496
21 0.047305 0.608779 0.092409 0.160305
22 0.047305 0.767176 0.092409 0.152672
23 0.044554 0.916985 0.086909 0.158397
24 0.429593 0.834924 0.672167 0.066794
28 0.629263 0.120229 0.063806 0.106870
29 0.686469 0.124046 0.070407 0.125954
30 0.748625 0.119275 0.067107 0.097328
31 0.810231 0.122137 0.062706 0.103053
32 0.870737 0.125000 0.062706 0.124046
33 0.929593 0.126908 0.068207 0.127863
34 0.500550 0.034351 0.998900 0.064885
34 0.977998 0.499046 0.037404 0.994275
15 0.149615 0.089695 0.297030 0.045802
16 0.150165 0.121183 0.298130 0.009542
17 0.148515 0.135496 0.294829 0.011450
25 0.926293 0.716603 0.066007 0.116412
26 0.926293 0.832061 0.061606 0.099237
27 0.924642 0.938931 0.064906 0.122137
