15 0.149065 0.088740 0.295930 0.043893
16 0.149065 0.122137 0.295930 0.019084
17 0.147415 0.136450 0.292629 0.009542
21 0.044554 0.612595 0.086909 0.156489
22 0.046205 0.763359 0.088009 0.148855
23 0.044004 0.914122 0.085809 0.164122
24 0.282728 0.943702 0.382838 0.024809
37 0.480748 0.925573 0.151815 0.145038
38 0.478548 0.621183 0.151815 0.154580
38 0.541804 0.606870 0.155116 0.183206
37 0.718372 0.517176 0.158416 0.183206
38 0.478548 0.413168 0.158416 0.166031
19 0.057206 0.324427 0.068207 0.106870
20 0.354235 0.736641 0.072607 0.095420
35 0.478548 0.117366 0.063806 0.112595
28 0.628163 0.117366 0.061606 0.108779
29 0.687569 0.121183 0.059406 0.116412
30 0.749175 0.122137 0.063806 0.118321
31 0.810781 0.125954 0.063806 0.122137
32 0.868537 0.123092 0.053905 0.124046
33 0.927393 0.120229 0.059406 0.118321
34 0.500550 0.032443 0.998900 0.061069
34 0.977998 0.500000 0.044004 0.996183
25 0.925743 0.716603 0.067107 0.104962
26 0.925193 0.828244 0.066007 0.118321
27 0.924642 0.941794 0.064906 0.116412
18 0.480748 0.496183 0.121012 0.175573
