65 0.375275 0.240458 0.183516 0.068702
66 0.546703 0.597328 0.060440 0.095420
67 0.421978 0.595420 0.054945 0.099237
68 0.361538 0.589695 0.059341 0.103053
69 0.360989 0.485687 0.062637 0.104962
70 0.359890 0.376908 0.058242 0.097328
71 0.423626 0.380725 0.060440 0.093511
72 0.484066 0.377863 0.058242 0.099237
73 0.546703 0.375954 0.062637 0.099237
74 0.608242 0.378817 0.056044 0.101145
75 0.671429 0.375000 0.065934 0.104962
76 0.732418 0.378817 0.058242 0.104962
77 0.797253 0.486641 0.060440 0.106870
98 0.734066 0.485687 0.059341 0.104962
79 0.670879 0.485687 0.062637 0.104962
71 0.608242 0.488550 0.058242 0.095420
80 0.548352 0.490458 0.061538 0.095420
81 0.482967 0.488550 0.060440 0.106870
82 0.421429 0.486641 0.062637 0.095420
83 0.483516 0.593511 0.057143 0.106870
84 0.216484 0.595420 0.059341 0.106870
85 0.217582 0.704198 0.054945 0.099237
86 0.276923 0.707061 0.057143 0.097328
87 0.277473 0.594466 0.058242 0.097328
88 0.153297 0.597328 0.060440 0.095420
89 0.153297 0.485687 0.056044 0.104962
90 0.215934 0.487595 0.056044 0.101145
91 0.215934 0.382634 0.056044 0.108779
92 0.276923 0.376908 0.061538 0.093511
93 0.091758 0.378817 0.056044 0.093511
94 0.091758 0.482824 0.060440 0.103053
95 0.093407 0.593511 0.057143 0.095420
96 0.091209 0.702290 0.054945 0.110687
97 0.857143 0.541985 0.052747 0.370229
51 0.926374 0.114504 0.059341 0.103053
76 0.795055 0.381679 0.062637 0.110687
